116000
123000
138000
109000
246000
139000
144000
204000
179000
448000
165000
153000
179000
143000
148000
116000
230000
153000
131000
148000
132000
211000
157000
161000
201000
131000
437000
137000
515000
132000
197000
135000
170000
417000
129000
174000
170000
151000
138000
157000
2784000
194000
145000
164000
167000
140000
127000
147000
146000
151000
195000
146000
189000
148000
172000
248000
129000
187000
168000
139000
228000
150000
185000
176000
169000
191000
161000
193000
141000
116000
131000
129000
125000
214000
171000
174000
135000
190000
123000
246000
141000
140000
155000
149000
186000
139000
157000
133000
135000
117000
130000
138000
120000
127000
170000
151000
185000
126000
129000
173000
112000
161000
211000
186000
209000
139000
165000
243000
219000
116000
141000
153000
152000
160000
197000
136000
132000
126000
128000
147000
191000
125000
2000000
158000
1981000
146000
3020000
150000
1922000
167000
1908000
585000
2551000
221000
2553000
189000
2002000
120000
1944000
150000
1941000
470000
8060000
142000
1951000
201000
1972000
172000
2981000
182000
1967000
183000
2446000
176000
3013000
114000
1926000
221000
2955000
163000
2408000
130000
1940000
125000
1932000
127000
1908000
133000
1910000
118000
2460000
974000
12085000
151000
1981000
125000
1964000
157000
1996000
132000
1991000
239000
1977000
205000
1998000
139000
2028000
120000
8100000
437000
1948000
135000
2407000
124000
1919000
166000
2911000
118000
1959000
120000
1898000
149000
2475000
155000
2963000
146000
2888000
142000
2921000
138000
7951000
140000
2900000
162000
1962000
139000
2000000
423000
8644000
119000
2014000
149000
2515000
152000
1999000
542000
2016000
456000
8376000
227000
1995000
131000
1980000
165000
8602000
157000
1954000
160000
2034000
125000
1964000
164000
2465000
183000
2986000
234000
2490000
143000
2000000
226000
2113000
158000
1965000
174000
1990000
166000
2921000
193000
1907000
135000
1914000
134000
1923000
183000
1956000
142000
1935000
183000
2958000
146000
2928000
155000
1902000
123000
2953000
123000
1883000
134000
1889000
177000
2905000
125000
1921000
115000
1889000
177000
2948000
222000
7993000
128000
2987000
128000
1935000
188000
8084000
131000
2911000
180000
2969000
205000
1930000
199000
8391000
129000
2009000
175000
3000000
198000
3056000
154000
3025000
131000
8274000
160000
2001000
151000
1949000
153000
2996000
150000
1921000
121000
1964000
132000
1935000
