8186246863869133081
8186246897295029491
8186246897301153324
8186246897508518797
8186246905494016263
8186246905503468839
8186246905507982917
8186246912980518874
8186246912987986765
8186246912991947695
8186246983422428618
8186246983439937404
8186246983443656384
8186246983445677001
8186246983730156445
8186246983763336149
8186247013822866717
8186247043841184168
8186247046831481284
8186247046852499241
8186247123096881804
8186247123109950331
8186247123113342219
8186247123115291483
8186247123131078973
8186247123133140402
8186247123147655712
8186247123158212315
8186247153171671183
8186247183185513624
8186247186226281068
8186247186228740448
8186247321310262907
8186247321321103336
8186247321324067411
8186247321325379453
8186247321348883589
8186247321371351965
8186247351373389626
8186247381385560872
8186247384471146228
8186247384473472261
8186248395958602167
8186248395959719622
8186248398960303492
8186248401961281948
8186248403654603704
8186248403667020905
8186248403670354745
8186248403671855249
8186248403673295798
8186248404962295295
8186248407963285065
8186248410964288865
8186248413965534568
8186248416966378108
8186248417744325238
8186248417752085673
8186248417756828845
8186248419967286810
8186248422968333659
8186248425969414427
8186248426747541147
8186248426754911596
8186248426761918083
8186248428970240452
8186248431971482279
8186248434972236716
8186248436636298596
8186248436645144458
8186248436651286225
8186248436705499923
8186248437973232599
8186248440974470461
8186248442454455261
8186248442465344873
8186248442468442764
8186248442469673268
8186248442488767387
8186248442494369353
8186248443975243682
8186248446976682106
8186248449978195902
8186248452978308289
8186248455979314837
8186248458980292587
8186248461981298441
8186248464982272341
8186248467983270294
8186248470984316026
8186248473985277727
8186248476986317232
8186248479987320552
8186248482989971861
8186248485989640357
8186248488990392065
8186248491991294285
8186248494992325269
8186248497993633520
8186248500994308872
8186248503995324988
8186248505582408405
8186248505586337231
8186248506996322905
8186248509997244744
8186248512998421992
8186248515999390207
8186248519000333101
8186248522001303655
8186248525002346648
8186248528003287283
8186248531004273189
8186248534005622935
8186248537006834723
8186248540008080348
8186248543008309404
8186248546009308917
8186248549010363496
8186248552011374693
8186248555012294602
8186248558013401569
8186248561014306876
8186248564015701866
8186248567016377257
