not equal: 
correct:  [0 0 1 11 0 0 0 3 0 24 98 108 111 99 107 115 66 101 105 110 103 87 114 105 116 116 101 110 82 101 112 111 114 116 0 0 0 2 0 59 111 114 103 46 97 112 97 99 104 101 46 104 97 100 111 111 112 46 104 100 102 115 46 115 101 114 118 101 114 46 112 114 111 116 111 99 111 108 46 68 97 116 97 110 111 100 101 82 101 103 105 115 116 114 97 116 105 111 110 0 59 111 114 103 46 97 112 97 99 104 101 46 104 97 100 111 111 112 46 104 100 102 115 46 115 101 114 118 101 114 46 112 114 111 116 111 99 111 108 46 68 97 116 97 110 111 100 101 82 101 103 105 115 116 114 97 116 105 111 110 0 14 49 50 55 46 48 46 48 46 49 58 49 51 56 57 0 41 68 83 45 54 55 56 48 48 50 48 54 49 45 49 50 55 46 48 46 49 46 49 45 49 51 56 57 45 49 51 56 55 55 51 52 56 50 50 52 50 54 195 155 195 100 255 255 255 215 4 220 11 33 0 0 0 0 0 0 0 0 0 0 0 0 0 0 0 0 0 0 0 0 0 0 0 0 0 0 0 255 0 0 0 0 0 2 91 74 0 0 0 0]
bytes():  [0 0 1 11 0 0 0 3 0 24 98 108 111 99 107 115 66 101 105 110 103 87 114 105 116 116 101 110 82 101 112 111 114 116 0 0 0 2 0 59 111 114 103 46 97 112 97 99 104 101 46 104 97 100 111 111 112 46 104 100 102 115 46 115 101 114 118 101 114 46 112 114 111 116 111 99 111 108 46 68 97 116 97 110 111 100 101 82 101 103 105 115 116 114 97 116 105 111 110 0 59 111 114 103 46 97 112 97 99 104 101 46 104 97 100 111 111 112 46 104 100 102 115 46 115 101 114 118 101 114 46 112 114 111 116 111 99 111 108 46 68 97 116 97 110 111 100 101 82 101 103 105 115 116 114 97 116 105 111 110 0 14 49 50 55 46 48 46 48 46 49 58 50 48 49 48 0 41 68 83 45 54 55 56 48 48 50 48 54 49 45 49 50 55 46 48 46 49 46 49 45 50 48 49 48 45 49 51 56 55 55 51 52 56 50 50 52 50 54]
not equal: 
correct:  [0 0 1 11 0 0 0 3 0 24 98 108 111 99 107 115 66 101 105 110 103 87 114 105 116 116 101 110 82 101 112 111 114 116 0 0 0 2 0 59 111 114 103 46 97 112 97 99 104 101 46 104 97 100 111 111 112 46 104 100 102 115 46 115 101 114 118 101 114 46 112 114 111 116 111 99 111 108 46 68 97 116 97 110 111 100 101 82 101 103 105 115 116 114 97 116 105 111 110 0 59 111 114 103 46 97 112 97 99 104 101 46 104 97 100 111 111 112 46 104 100 102 115 46 115 101 114 118 101 114 46 112 114 111 116 111 99 111 108 46 68 97 116 97 110 111 100 101 82 101 103 105 115 116 114 97 116 105 111 110 0 14 49 50 55 46 48 46 48 46 49 58 49 51 56 57 0 41 68 83 45 54 55 56 48 48 50 48 54 49 45 49 50 55 46 48 46 49 46 49 45 49 51 56 57 45 49 51 56 55 55 51 52 56 50 50 52 50 54 195 155 195 100 255 255 255 215 4 220 11 33 0 0 0 0 0 0 0 0 0 0 0 0 0 0 0 0 0 0 0 0 0 0 0 0 0 0 0 255 0 0 0 0 0 2 91 74 0 0 0 0]
bytes():  [0 0 1 11 0 0 0 3 0 24 98 108 111 99 107 115 66 101 105 110 103 87 114 105 116 116 101 110 82 101 112 111 114 116 0 0 0 2 0 59 111 114 103 46 97 112 97 99 104 101 46 104 97 100 111 111 112 46 104 100 102 115 46 115 101 114 118 101 114 46 112 114 111 116 111 99 111 108 46 68 97 116 97 110 111 100 101 82 101 103 105 115 116 114 97 116 105 111 110 0 59 111 114 103 46 97 112 97 99 104 101 46 104 97 100 111 111 112 46 104 100 102 115 46 115 101 114 118 101 114 46 112 114 111 116 111 99 111 108 46 68 97 116 97 110 111 100 101 82 101 103 105 115 116 114 97 116 105 111 110 0 14 49 50 55 46 48 46 48 46 49 58 50 48 49 48 0 41 68 83 45 54 55 56 48 48 50 48 54 49 45 49 50 55 46 48 46 49 46 49 45 50 48 49 48 45 49 51 56 55 55 51 52 56 50 50 52 50 54 0 0 0 0 0 0 0 0 0 0 0 0 0 0 0 0 0 0 0 0 0 0 0 0 0 0 0 0 0 0 0 0 0 0 0 0 0 0 0 0 0 0 0 0 0 0 0 0]
not equal: 
correct:  [0 0 1 11 0 0 0 3 0 24 98 108 111 99 107 115 66 101 105 110 103 87 114 105 116 116 101 110 82 101 112 111 114 116 0 0 0 2 0 59 111 114 103 46 97 112 97 99 104 101 46 104 97 100 111 111 112 46 104 100 102 115 46 115 101 114 118 101 114 46 112 114 111 116 111 99 111 108 46 68 97 116 97 110 111 100 101 82 101 103 105 115 116 114 97 116 105 111 110 0 59 111 114 103 46 97 112 97 99 104 101 46 104 97 100 111 111 112 46 104 100 102 115 46 115 101 114 118 101 114 46 112 114 111 116 111 99 111 108 46 68 97 116 97 110 111 100 101 82 101 103 105 115 116 114 97 116 105 111 110 0 14 49 50 55 46 48 46 48 46 49 58 49 51 56 57 0 41 68 83 45 54 55 56 48 48 50 48 54 49 45 49 50 55 46 48 46 49 46 49 45 49 51 56 57 45 49 51 56 55 55 51 52 56 50 50 52 50 54 195 155 195 100 255 255 255 215 4 220 11 33 0 0 0 0 0 0 0 0 0 0 0 0 0 0 0 0 0 0 0 0 0 0 0 0 0 0 0 255 0 0 0 0 0 2 91 74 0 0 0 0]
bytes():  [0 0 1 11 0 0 0 3 0 24 98 108 111 99 107 115 66 101 105 110 103 87 114 105 116 116 101 110 82 101 112 111 114 116 0 0 0 2 0 59 111 114 103 46 97 112 97 99 104 101 46 104 97 100 111 111 112 46 104 100 102 115 46 115 101 114 118 101 114 46 112 114 111 116 111 99 111 108 46 68 97 116 97 110 111 100 101 82 101 103 105 115 116 114 97 116 105 111 110 0 59 111 114 103 46 97 112 97 99 104 101 46 104 97 100 111 111 112 46 104 100 102 115 46 115 101 114 118 101 114 46 112 114 111 116 111 99 111 108 46 68 97 116 97 110 111 100 101 82 101 103 105 115 116 114 97 116 105 111 110 0 14 49 50 55 46 48 46 48 46 49 58 50 48 49 48 0 41 68 83 45 54 55 56 48 48 50 48 54 49 45 49 50 55 46 48 46 49 46 49 45 50 48 49 48 45 49 51 56 55 55 51 52 56 50 50 52 50 54 0 0 0 0 0 0 0 0 0 0 0 0 0 0 0 0 0 0 0 0 0 0 0 0 0 0 0 0 0 0 0 0 0 0 0 0 0 0 0 0 0 0 0 0 0 0 0 0]
not equal: 
correct:  [0 0 1 40 0 0 0 5 0 11 98 108 111 99 107 82 101 112 111 114 116 0 0 0 2 0 59 111 114 103 46 97 112 97 99 104 101 46 104 97 100 111 111 112 46 104 100 102 115 46 115 101 114 118 101 114 46 112 114 111 116 111 99 111 108 46 68 97 116 97 110 111 100 101 82 101 103 105 115 116 114 97 116 105 111 110 0 59 111 114 103 46 97 112 97 99 104 101 46 104 97 100 111 111 112 46 104 100 102 115 46 115 101 114 118 101 114 46 112 114 111 116 111 99 111 108 46 68 97 116 97 110 111 100 101 82 101 103 105 115 116 114 97 116 105 111 110 0 14 49 50 55 46 48 46 48 46 49 58 49 51 56 57 0 41 68 83 45 54 55 56 48 48 50 48 54 49 45 49 50 55 46 48 46 49 46 49 45 49 51 56 57 45 49 51 56 55 55 51 52 56 50 50 52 50 54 195 155 195 100 255 255 255 215 4 220 11 33 0 0 0 0 0 0 0 0 0 0 0 0 0 0 0 0 0 0 0 0 0 0 0 0 0 0 0 255 0 0 0 0 0 2 91 74 0 0 0 3 0 4 108 111 110 103 200 183 81 183 226 213 193 194 0 4 108 111 110 103 0 0 0 0 0 0 0 101 0 4 108 111 110 103 0 0 0 0 0 0 3 235]
bytes():  [0 0 1 40 0 0 0 5 0 11 98 108 111 99 107 82 101 112 111 114 116 0 0 0 2 0 59 111 114 103 46 97 112 97 99 104 101 46 104 97 100 111 111 112 46 104 100 102 115 46 115 101 114 118 101 114 46 112 114 111 116 111 99 111 108 46 68 97 116 97 110 111 100 101 82 101 103 105 115 116 114 97 116 105 111 110 0 59 111 114 103 46 97 112 97 99 104 101 46 104 97 100 111 111 112 46 104 100 102 115 46 115 101 114 118 101 114 46 112 114 111 116 111 99 111 108 46 68 97 116 97 110 111 100 101 82 101 103 105 115 116 114 97 116 105 111 110 0 14 49 50 55 46 48 46 48 46 49 58 50 48 49 48 0 41 68 83 45 54 55 56 48 48 50 48 54 49 45 49 50 55 46 48 46 49 46 49 45 50 48 49 48 45 49 51 56 55 55 51 52 56 50 50 52 50 54 0 0 0 0 0 0 0 0 0 0 0 0 0 0 0 0 0 0 0 0 0 0 0 0 0 0 0 0 0 0 0 0 0 0 0 0 0 0 0 0 0 0 0 0 0 0 0 0 0 0 0 0 0 0 0 0 0 0 0 0 0 0 0 0 0 0 0 0 0 0 0 0 0 0 0 0 0 0 0 0 0 0 0 0 0 0 0 0 0 0]
not equal: 
correct:  [0 0 1 11 0 0 0 3 0 24 98 108 111 99 107 115 66 101 105 110 103 87 114 105 116 116 101 110 82 101 112 111 114 116 0 0 0 2 0 59 111 114 103 46 97 112 97 99 104 101 46 104 97 100 111 111 112 46 104 100 102 115 46 115 101 114 118 101 114 46 112 114 111 116 111 99 111 108 46 68 97 116 97 110 111 100 101 82 101 103 105 115 116 114 97 116 105 111 110 0 59 111 114 103 46 97 112 97 99 104 101 46 104 97 100 111 111 112 46 104 100 102 115 46 115 101 114 118 101 114 46 112 114 111 116 111 99 111 108 46 68 97 116 97 110 111 100 101 82 101 103 105 115 116 114 97 116 105 111 110 0 14 49 50 55 46 48 46 48 46 49 58 49 51 56 57 0 41 68 83 45 54 55 56 48 48 50 48 54 49 45 49 50 55 46 48 46 49 46 49 45 49 51 56 57 45 49 51 56 55 55 51 52 56 50 50 52 50 54 195 155 195 100 255 255 255 215 4 220 11 33 0 0 0 0 0 0 0 0 0 0 0 0 0 0 0 0 0 0 0 0 0 0 0 0 0 0 0 255 0 0 0 0 0 2 91 74 0 0 0 0]
bytes():  [0 0 1 11 0 0 0 3 0 24 98 108 111 99 107 115 66 101 105 110 103 87 114 105 116 116 101 110 82 101 112 111 114 116 0 0 0 2 0 59 111 114 103 46 97 112 97 99 104 101 46 104 97 100 111 111 112 46 104 100 102 115 46 115 101 114 118 101 114 46 112 114 111 116 111 99 111 108 46 68 97 116 97 110 111 100 101 82 101 103 105 115 116 114 97 116 105 111 110 0 59 111 114 103 46 97 112 97 99 104 101 46 104 97 100 111 111 112 46 104 100 102 115 46 115 101 114 118 101 114 46 112 114 111 116 111 99 111 108 46 68 97 116 97 110 111 100 101 82 101 103 105 115 116 114 97 116 105 111 110 0 14 49 50 55 46 48 46 48 46 49 58 50 48 49 48 0 41 68 83 45 54 55 56 48 48 50 48 54 49 45 49 50 55 46 48 46 49 46 49 45 50 48 49 48 45 49 51 56 55 55 51 52 56 50 50 52 50 54 0 0 0 0 0 0 0 0 0 0 0 0 0 0 0 0 0 0 0 0 0 0 0 0 0 0 0 0 0 0 0 0 0 0 0 0 0 0 0 0 0 0 0 0 0 0 0 0]
not equal: 
correct:  [0 0 1 40 0 0 0 5 0 11 98 108 111 99 107 82 101 112 111 114 116 0 0 0 2 0 59 111 114 103 46 97 112 97 99 104 101 46 104 97 100 111 111 112 46 104 100 102 115 46 115 101 114 118 101 114 46 112 114 111 116 111 99 111 108 46 68 97 116 97 110 111 100 101 82 101 103 105 115 116 114 97 116 105 111 110 0 59 111 114 103 46 97 112 97 99 104 101 46 104 97 100 111 111 112 46 104 100 102 115 46 115 101 114 118 101 114 46 112 114 111 116 111 99 111 108 46 68 97 116 97 110 111 100 101 82 101 103 105 115 116 114 97 116 105 111 110 0 14 49 50 55 46 48 46 48 46 49 58 49 51 56 57 0 41 68 83 45 54 55 56 48 48 50 48 54 49 45 49 50 55 46 48 46 49 46 49 45 49 51 56 57 45 49 51 56 55 55 51 52 56 50 50 52 50 54 195 155 195 100 255 255 255 215 4 220 11 33 0 0 0 0 0 0 0 0 0 0 0 0 0 0 0 0 0 0 0 0 0 0 0 0 0 0 0 255 0 0 0 0 0 2 91 74 0 0 0 3 0 4 108 111 110 103 200 183 81 183 226 213 193 194 0 4 108 111 110 103 0 0 0 0 0 0 0 101 0 4 108 111 110 103 0 0 0 0 0 0 3 235]
bytes():  [0 0 1 40 0 0 0 5 0 11 98 108 111 99 107 82 101 112 111 114 116 0 0 0 2 0 59 111 114 103 46 97 112 97 99 104 101 46 104 97 100 111 111 112 46 104 100 102 115 46 115 101 114 118 101 114 46 112 114 111 116 111 99 111 108 46 68 97 116 97 110 111 100 101 82 101 103 105 115 116 114 97 116 105 111 110 0 59 111 114 103 46 97 112 97 99 104 101 46 104 97 100 111 111 112 46 104 100 102 115 46 115 101 114 118 101 114 46 112 114 111 116 111 99 111 108 46 68 97 116 97 110 111 100 101 82 101 103 105 115 116 114 97 116 105 111 110 0 14 49 50 55 46 48 46 48 46 49 58 50 48 49 48 0 41 68 83 45 54 55 56 48 48 50 48 54 49 45 49 50 55 46 48 46 49 46 49 45 50 48 49 48 45 49 51 56 55 55 51 52 56 50 50 52 50 54 0 0 0 0 0 0 0 0 0 0 0 0 0 0 0 0 0 0 0 0 0 0 0 0 0 0 0 0 0 0 0 0 0 0 0 0 0 0 0 0 0 0 0 0 0 0 0 0 0 0 0 0 0 0 0 0 0 0 0 0 0 0 0 0 0 0 0 0 0 0 0 0 0 0 0 0 0 0 0 0 0 0 0 0 0 0 0 0 0 0]
not equal: 
correct:  [0 0 1 11 0 0 0 3 0 24 98 108 111 99 107 115 66 101 105 110 103 87 114 105 116 116 101 110 82 101 112 111 114 116 0 0 0 2 0 59 111 114 103 46 97 112 97 99 104 101 46 104 97 100 111 111 112 46 104 100 102 115 46 115 101 114 118 101 114 46 112 114 111 116 111 99 111 108 46 68 97 116 97 110 111 100 101 82 101 103 105 115 116 114 97 116 105 111 110 0 59 111 114 103 46 97 112 97 99 104 101 46 104 97 100 111 111 112 46 104 100 102 115 46 115 101 114 118 101 114 46 112 114 111 116 111 99 111 108 46 68 97 116 97 110 111 100 101 82 101 103 105 115 116 114 97 116 105 111 110 0 14 49 50 55 46 48 46 48 46 49 58 49 51 56 57 0 41 68 83 45 54 55 56 48 48 50 48 54 49 45 49 50 55 46 48 46 49 46 49 45 49 51 56 57 45 49 51 56 55 55 51 52 56 50 50 52 50 54 195 155 195 100 255 255 255 215 4 220 11 33 0 0 0 0 0 0 0 0 0 0 0 0 0 0 0 0 0 0 0 0 0 0 0 0 0 0 0 255 0 0 0 0 0 2 91 74 0 0 0 0]
bytes():  [0 0 1 11 0 0 0 3 0 24 98 108 111 99 107 115 66 101 105 110 103 87 114 105 116 116 101 110 82 101 112 111 114 116 0 0 0 2 0 59 111 114 103 46 97 112 97 99 104 101 46 104 97 100 111 111 112 46 104 100 102 115 46 115 101 114 118 101 114 46 112 114 111 116 111 99 111 108 46 68 97 116 97 110 111 100 101 82 101 103 105 115 116 114 97 116 105 111 110 0 59 111 114 103 46 97 112 97 99 104 101 46 104 97 100 111 111 112 46 104 100 102 115 46 115 101 114 118 101 114 46 112 114 111 116 111 99 111 108 46 68 97 116 97 110 111 100 101 82 101 103 105 115 116 114 97 116 105 111 110 0 14 49 50 55 46 48 46 48 46 49 58 50 48 49 48 0 41 68 83 45 54 55 56 48 48 50 48 54 49 45 49 50 55 46 48 46 49 46 49 45 50 48 49 48 45 49 51 56 55 55 51 52 56 50 50 52 50 54 0 0 0 0 0 0 0 0 0 0 0 0 0 0 0 0 0 0 0 0 0 0 0 0 0 0 0 0 0 0 0 0 0 0 0 0 0 0 0 0 0 0 0 0 0 0 0 0]
