8472647
148030
193213
153570
153746
154151
131122
149275
144210
159770
135674
163268
167777
137547
148222
122494
149225
139344
124737
137099
180468
147370
151607
151129
140087
154960
122722
156600
115023
190491
141200
126667
156150
128022
150583
116992
175484
135445
145756
138561
167238
127017
138859
149680
148107
151683
148656
140446
161333
160231
157790
152161
130285
121953
144519
152555
131845
125862
169599
145140
186770
133040
159706
172084
138470
150073
131464
150151
157232
151800
126362
143490
167831
188842
161711
169750
157576
127934
144550
137172
157101
147189
130874
135050
154737
149642
123535
122074
147098
142606
135304
119335
133562
118260
141599
141038
139265
197272
121103
140284
140417
147872
135347
129857
165295
131377
144392
158935
139994
117077
163080
133919
148748
161284
127189
137835
168684
146177
158789
160647
123919
117584
150848
174171
159542
162808
180538
142988
130310
159958
133000
148747
144270
167705
146243
130530
160606
146112
120153
138290
125905
112361
157788
120412
145678
145002
129440
143478
157471
132282
125429
156625
157383
152126
142377
146542
149825
140311
188786
140783
164758
147601
127603
171946
153706
130344
152564
167314
18638112
127302
155177
130014
111915
149291
117539
150653
134988
188756
144699
147531
116694
141425
141565
129010
158272
159994
126335
150463
154946
120053
154164
141135
128502
153271
138044
151244
148256
167015
157672
123607
133995
130855
149831
144131
151190
128350
147564
126217
149871
135264
135499
141425
151661
145476
166845
146921
158861
156689
154099
151392
139727
118784
142044
117112
136388
137138
147105
151537
169430
136340
138849
138574
135969
136533
152404
168445
165489
139826
142178
131534
172484
123860
149082
130463
164366
139239
157957
138192
156386
153694
126310
151847
143233
133207
182751
153910
148926
124727
174859
150223
141702
182826
165421
157630
160160
151369
128031
150897
116984
167638
173691
124073
151287
186503
148032
141718
174303
132703
153069
144427
145359
164877
156966
116099
166990
159153
155407
141401
149487
143263
120784
155407
137806
142864
141084
123727
146880
117919
148120
138762
123827
139561
131220
158803
144225
139047
127778
154635
152415
138785
187942
159039
149722
162212
156362
136627
188933
157169
135393
166230
118101
145347
134770
175391
111940
179285
163262
115912
130088
158817
139656
122576
144583
120601
134608
147173
130987
133896
128172
125972
126027
127243
123002
120293
143010
129865
165132
152572
122655
126113
121264
135029
150799
133885
161078
137374
155876
148752
127948
124962
137778
130352
135386
133542
121006
129718
120681
130527
148055
164733
145239
128237
114901
154995
132105
135583
153854
129879
140851
122151
128029
125789
134416
121913
133147
144115
122787
145678
162320
147028
129556
164788
115167
138727
119583
111211
163212
124611
123811
161145
124836
140718
135820
126724
128366
150965
223768
132917
141114
135956
145025
149534
122625
153652
146536
121315
140878
136194
180115
147964
142621
155287
134537
122036
166434
126693
138829
164543
151426
173491
138913
147124
126211
148605
164140
123569
150079
128252
165489
110334
130438
128638
133753
130104
122617
149859
115588
159134
126733
116049
145370
124414
133514
116679
137658
131188
184381
152623
125827
153684
127631
121324
122196
126377
135240
131528
122971
162802
122842
114948
137380
133955
115758
141867
149113
129471
156174
184918
142333
138121
131081
120455
123402
157953
132759
132957
128738
164213
140901
168367
130481
141666
122064
130525
161078
140088
150641
116328
144524
121600
173257
131857
165938
136737
128502
149913
122544
126136
132106
118758
133163
135923
127950
155823
25545168
26264715
20120758
16203974
23170653
17463236
24486232
28195356
140070
186254
480887
490224
153387
819700
1448220
492248
492952
512630
471217
570661
549889
142685
476208
514386
515077
189386
520728
147507
496455
147885
653403
144671
525174
126200
488910
503520
507282
201732
178466
150179
491547
200591
536409
543426
194059
493024
142105
485664
532103
490120
157618
544604
126148
596271
592349
202988
567747
206666
492975
127374
503371
518387
195961
474815
146559
518718
540733
476588
539723
527526
153889
202672
494588
532534
3864636
520532
195698
523075
695218
132983
574340
482788
197195
469228
488378
533031
571097
180193
462780
543455
533634
508037
483346
507023
520709
208910
559434
487142
154225
492227
521683
487651
179940
504363
202295
177168
161319
190078
488939
508839
211893
505324
221987
145260
546423
199372
131646
539772
523803
487895
152785
556473
583113
221244
210502
561060
1597071
549396
220916
563221
538966
186269
583318
476052
499373
202072
137230
547224
158666
174344
194553
480716
184047
496014
196950
518455
190031
511826
181481
264218
130050
487098
199124
563764
137480
196161
164256
515024
194418
483472
565999
523845
504542
158253
128631
537133
192043
526874
542915
526696
150036
574312
550505
475246
(latency times in nanoseconds)
(latency times in nanoseconds)
(latency times in nanoseconds)
(latency times in nanoseconds)
(latency times in nanoseconds)
(latency times in nanoseconds)
(latency times in nanoseconds)
(latency times in nanoseconds)
(latency times in nanoseconds)
(latency times in nanoseconds)
(latency times in nanoseconds)
(latency times in nanoseconds)
(latency times in nanoseconds)
(latency times in nanoseconds)
(latency times in nanoseconds)
(latency times in nanoseconds)
(latency times in nanoseconds)
(latency times in nanoseconds)
(latency times in nanoseconds)
(latency times in nanoseconds)
(latency times in nanoseconds)
(latency times in nanoseconds)
(latency times in nanoseconds)
(latency times in nanoseconds)
(latency times in nanoseconds)
(latency times in nanoseconds)
(latency times in nanoseconds)
(latency times in nanoseconds)
(latency times in nanoseconds)
(latency times in nanoseconds)
(latency times in nanoseconds)
(latency times in nanoseconds)
(latency times in nanoseconds)
(latency times in nanoseconds)
(latency times in nanoseconds)
(latency times in nanoseconds)
(latency times in nanoseconds)
(latency times in nanoseconds)
(latency times in nanoseconds)
(latency times in nanoseconds)
(latency times in nanoseconds)
(latency times in nanoseconds)
(latency times in nanoseconds)
(latency times in nanoseconds)
(latency times in nanoseconds)
(latency times in nanoseconds)
(latency times in nanoseconds)
(latency times in nanoseconds)
(latency times in nanoseconds)
(latency times in nanoseconds)
(latency times in nanoseconds)
(latency times in nanoseconds)
(latency times in nanoseconds)
(latency times in nanoseconds)
(latency times in nanoseconds)
(latency times in nanoseconds)
8188145736181333194
8188145736184089459
(latency times in nanoseconds)
8188145793834363452
8188145793838221782
