30253433
19411157
30610154
10002485
31328028
5130379
31560977
9917021
36175539
5675739
55524550
9361649
40380902
8296900
40758647
5771634
35558998
9267005
35692039
5355008
35184645
12155957
28079632
5571287
37012375
9385923
31517736
11967540
40619178
13587985
33579074
13176657
60925525
6515887
28601640
12094755
41365450
10230755
32049968
12457534
27716728
7974804
59012676
8212337
30826691
5044198
47540553
7830174
58225252
7748140
39525205
21153378
54108317
6929872
44492445
7198279
37163572
13573814
38918926
5911627
54410327
5522530
32835995
5992125
37851192
6308868
32041093
13284617
44659669
10152704
29868928
9881426
32673564
5446385
55569211
5096407
31119408
10614451
39447295
5866323
40647102
4966309
46887227
6596129
28270909
12297640
35692224
5375231
35528040
5458530
37801814
7767140
36713015
11227283
73805373
15945394
36084537
5491794
57903431
7600649
42579715
9769818
35984895
5631240
50244818
6853090
55415362
5537296
40708703
5744409
43814585
15637746
50697015
7038525
41048368
9062661
32185695
10076922
48450268
4986503
41331709
5209434
38363563
8944954
40022439
9603998
48152950
4761288
34103577
5141531
51638733
6303617
33578064
5335703
40191399
11898539
36331538
16209907
29692753
11362653
35856191
26141580
42592189
6190136
31351945
5005037
33322457
6070711
48654540
5446611
50418710
7372394
33827376
9399672
42495341
5949384
35777030
13287634
35881086
11311416
41275617
8681521
29993064
5538101
29243804
10196916
35129043
20003095
29057188
18533630
27747276
9401210
31577826
29703733
27414628
12378229
27858397
7837142
47220157
7926312
35680563
5201618
31249033
6253383
38099491
5485511
38571261
5954172
57709767
7570687
29296103
9410039
50619153
7109190
45401123
6134748
39678376
7968495
36048968
5455209
31938918
11432030
43373097
7375143
50992740
7773690
32944053
10115664
31519319
8018420
32262858
6482152
34369850
25586539
44143452
5308730
31895939
12202073
53159702
6776201
53055319
5332425
32130896
5087718
38173538
11182262
46619661
6795479
51565700
7124005
32353165
20718598
39764260
7527543
54479524
6285200
29173331
6923284
46636930
5785821
48626307
9370388
41426117
12740100
43570491
5570412
54383557
6326735
46118736
6631554
36905858
4936774
29978789
5151092
51657253
16412094
36687607
15209612
40594548
7847172
42601907
4964530
97539137
7604582
57385915
6902614
34769367
13087860
36056917
17528703
39409829
17330585
40037022
5371733
33346201
7866991
35819068
5422243
41055077
9243961
25063723
5021013
46763294
6903559
30279249
5070922
35640621
16316520
32166484
13950478
33510957
6184156
37932939
12083094
32366299
9766063
31450211
7951035
44627781
12175539
28059325
7850444
36803399
5463454
33393301
11220749
28058796
9788949
32097904
11828547
34702163
13037443
51799962
7932385
39894704
5568254
39815075
23057537
52566167
11883555
50371556
7974205
28077747
7673060
48406172
4959889
36028654
5565384
38324929
19146922
38722056
5681554
29952392
17478379
31892442
5840626
34065192
23254328
49629973
7537796
31566520
17659571
39769441
11908055
40725069
5972936
31639871
20359948
42064743
15951057
44638942
17789548
31745218
9382682
42907288
6023909
40104431
11954228
39456276
5531392
53970920
6693826
33294519
16184452
36649878
9549733
24117613
26408178
33343310
7882974
42750694
10498916
20660937
4630332
36415580
4858174
31229947
11665909
46077646
5912109
46847828
6667880
42846059
6718305
29854912
15636248
34163536
10458328
46880029
6669762
27896714
5090404
28187824
7807874
27637481
12143852
38578403
9853584
39882355
10269751
60015491
64006816
