1964354
1251191
1597855
954053
1696589
1290119
1840502
1185101
1904388
1651030
1828773
1158818
1595442
1755863
2230367
1449169
1842927
1242846
1851211
1424494
2302304
988811
1982842
1559006
2018909
1170181
1852093
1197021
1529100
1172136
1523292
899300
6499402
5311945
2047561
1459607
2330169
1708998
2056284
1570550
1936831
896143
1312819
905245
1874564
698226
1327337
839248
1620754
945759
3015315
1086787
5213901
1315820
1469086
844565
4039642
869896
1775839
1452500
1960647
906704
2308679
1081201
1548389
1217187
2300330
973797
2421843
2015195
2266247
1512498
1823995
3113670
1759110
1242207
1863021
1262470
9598679
939766
2017569
1190459
2289992
1293129
1479887
606402
1561095
1187439
2024597
1330743
1814880
4558475
2001269
1382617
2124961
1167348
2076005
1512754
4021488
3023546
1192908
1854086
1091141
1862149
1508380
1830983
870618
1872887
937995
4282024
956910
1796364
1314241
2482874
1676103
2317977
1391248
2086884
1425625
1576470
927362
1806287
1021384
3211626
834707
2399564
1523999
1472888
801870
1824916
982474
1815323
965989
1992807
5723203
2106386
1312570
1842170
1304128
1531911
867155
5718040
1187139
1555359
1580831
2029483
1100974
2120740
1879718
1929113
1276409
1399648
1054936
1783752
5173685
2282620
1176818
1862515
1344596
1571993
1127066
1649634
1117778
1645970
934140
2155669
1664183
1531635
1097534
1658252
1542168
2044440
1666927
1283664
1113410
3329679
1718394
1685100
1402569
1437990
1036915
1734563
4119762
1488906
1078510
1633210
1125487
2219483
1479481
1753832
1274554
2212694
5563113
1716344
1245578
1787738
1151550
1794327
1123258
1841802
1231332
1779825
1548474
2072076
1220497
1994891
7229225
1445786
1355078
1452230
965239
1412429
1001376
1398609
1191732
1612410
931064
1455963
1253719
1607565
1118389
1951049
1180534
1490587
839527
1456369
1291079
1820476
1097836
1770026
916011
3092226
5618092
1770949
1213321
2052315
1121964
1699934
1200728
2153693
1158152
1896103
1268526
7050560
1367518
1848231
992357
1546422
935425
2450153
862766
2013723
1047744
1318367
872210
1675172
6774897
2394769
1474072
1543303
991902
2082069
1944659
1956489
3298833
1352662
2863946
1742610
2373216
2640003
1860472
1575123
1809389
1052067
1624565
1483796
1645402
1808004
2096207
9810469
1687936
1057885
1750620
1140733
1784003
962430
1483297
1528318
1779607
1331860
2169582
1480342
2187209
2042210
1712316
1546541
1737038
3132375
2110565
1518669
1733866
1209909
1542934
939146
1174621
1096750
1774570
1698425
1477327
1123366
2245189
1515825
1900828
975422
1762534
1577148
1774960
1159039
1627342
1172057
2604456
1380541
3230279
2065097
1212059
1915723
2490536
4622876
1477384
2058429
1126017
1742420
1495621
1884395
1259365
1706501
2284381
1669993
1088609
1714188
1417591
2325123
1223951
1780693
1172369
1433860
1342591
1744976
1670382
1956718
1402881
1985922
2114552
2626139
1566130
2483864
1569909
1851817
1003643
1703335
903373
1887173
1454007
3021373
1340091
3272495
1047527
1199428
938157
1400436
1389851
1353006
895180
1738320
1015801
1638327
1432971
2828430
1431861
2579696
1178841
1626433
1259255
1706263
1266202
2071724
1401113
1737233
1352520
1625467
849208
1555541
1020020
1659179
2969104
1542626
1127289
3146279
1101464
2188484
3705765
